parentID=11109
numObjects=232
11007
11008
11009
11010
11011
11012
12281
12289
12296
12304
11013
11014
11015
11016
11017
11018
11019
11020
11021
11022
11023
11024
11025
11026
11027
11028
11029
11030
11031
12282
12288
12298
12306
11032
11033
11034
11035
11036
11037
11038
11039
11040
11041
11042
11043
11044
11045
11046
11047
11048
11049
11050
11051
11052
11053
11054
11055
11056
12283
12285
12292
12291
12299
12301
12307
12308
11057
11058
11059
11060
11061
11062
11063
11064
11065
11066
11067
11068
11069
11070
11071
11072
11073
11074
11075
11076
11077
11078
11079
11080
11081
11082
11083
11084
11085
11086
7292
7294
7295
7476
7477
7478
7479
7480
7481
7485
7486
7487
7506
7507
7508
7509
7510
7511
7512
7513
7514
7515
7516
7517
7519
7520
7521
7522
7524
7525
7526
7527
7528
7529
7530
7531
7533
7534
7535
7536
7537
7538
7539
7540
7541
7542
7543
7544
7545
7546
7547
7548
7549
7550
7551
7552
7553
7554
7555
7556
7557
7558
7559
7560
7609
7610
7611
7612
7613
7614
7615
7616
7617
7618
7619
7620
7621
7622
7623
7624
12278
12276
12280
12284
12287
12286
12290
12293
12295
12294
12297
12300
12303
12302
12305
12309
7664
7665
6919
7020
7022
7907
7912
7913
8154
8155
8156
8157
8202
8203
8204
8205
8400
8401
8402
8403
8404
8405
8406
8407
8408
8409
8410
8411
8412
8413
8414
8415
8416
8417
8419
8420
12069
12068
12056
12055